# example: 4 chunks sampled from a world whose seed is 12345
# rows = X (0..15), characters in a row = Z (0..15)
chunk 0 0
y2
1001011011011100
0000010100111110
1010110001001101
1110001011010101
1110001111011110
1101011000000110
1001111110001110
0010100111010010
1011100110001101
0111000111110001
0100000010010100
1101100101110101
0010100010011100
0001110010010010
0100110011000000
1110111111001100
y3
1100100000101100
0110110110010100
0001100111011000
0000000010000011
1010101010000010
0100000010011110
0100000000101001
1000001100010100
0001100000000010
0100000000000101
0110100001011011
1011010001100000
0000110100000111
0001100000000011
0000000101010110
0100000010101000
y4
0100000100111000
0110010100000000
0100000011100011
1001101010100010
0000001110101001
0000011001000010
0100110000010000
0000011010000010
1000010000100000
0110011000010000
0000000000000000
0000000010000010
0000010000110000
0001001000100010
0001000010010001
1001100000010000
chunk 1 0
y2
1011101111100101
0101000110101100
1110100000000101
1011100010000100
1111110001111010
0110001001011100
1010101100001110
0111001110100000
0001111010100100
1001101011000101
0011111011000111
1111101010111110
1001011110110101
1111100110000000
1001010111111000
1011001101010011
y3
1000100010100011
0000100110000001
0001000100011110
0011000111000000
1000000000101010
1001001100100000
0010101001000001
0010110000001110
0000001000000010
0101000010011000
0110000000011000
1010011110001100
1010011100000000
0000000110101001
0011110101011000
1100011010101010
y4
0111101101000000
0010000010001100
0000000101010000
0000000010100001
0001000010000110
0000001100000100
0101100000110101
0000000000010010
1011010000000010
1100000000100100
1000000000001100
0000011000001000
1101000000010000
0000000100100100
1001000000000001
0010001000001100
chunk 0 1
y2
1101110010110001
0110011101100111
1000110000111100
0111101001011001
0101110101101001
0000001100010111
1010010011101001
1111010100100011
1111000110001111
0101011010010001
1010110101010110
0110011111000011
1011111000101100
0111001010000001
1000010101101000
0101000010000110
y3
0111000001001100
1100101000110001
0000001000101000
0000000001000000
0000011010100010
0000001110010000
0010100000001000
0110000011011000
0000100000101001
0000001000110000
0000100000000000
0001101110101101
0110010010000001
0000010001000010
0000010100000111
1000000001000001
y4
1110001010000000
0001000000000000
0010000110001111
0101000000011001
0000100101001011
0001001001000001
0010110000000000
0000000000000000
0001011110000001
0000000100001000
0010001000001100
0110000000001000
0000000110100000
0110010001000000
0010000010000011
1110000000011100
chunk 1 1
y2
0010011101101101
0100110100111011
1011000101011100
1110000000001101
0100101100001011
1010111110100011
1010101101110010
0001100010010100
1001011010000110
1100010001111111
1001111110110100
1111100010001101
1000010101001111
0100111110010111
0111110110001011
0101000011010011
y3
1111001111000001
0000000100101010
1110001000000010
1000011000010010
0001000100000000
1100000000100100
0100011100010001
0000010011000111
0000001011000101
0100011000100101
1000010000010111
0110000010011110
0000000010000001
1000011111011101
0010101010110000
0000011111001000
y4
0010011000000001
0100001000001000
0000000000000000
1100000101001001
0001010000001000
0000100010000010
0010000010001000
0000001000000100
0000010010000001
0010000010010000
0001010010001000
0000000000000000
1001000010110000
0100100101000000
0000000100100000
0000100000000001
